#Do NOT change the following lines if you want to re-draw the image with replot.r! If you change the matrix values, cut and paste the commented lines into your new file and run replot.r.
#reg2plot:tss
#flanksize:1000
#intsize:1
#flankfactor:0
#shade.alp:0
#rnaseq.gb:FALSE
#width:2000
#height:1800
ChIP-seq:MM9:chr19
4.46234193427337
4.49917006578044
4.52986017536967
4.57282632879459
4.59124039454812
4.60351643838381
4.62193050413735
4.67103467948011
4.70786281098718
4.72627687674071
4.77538105208347
4.76924303016563
4.78765709591916
4.78765709591916
4.79993313975485
4.78151907400132
4.78151907400132
4.75696698632994
4.78765709591916
4.76924303016563
4.79379511783701
4.83062324934408
4.81834720550839
4.82448522742623
4.87972742468684
4.85517533701546
4.87358940276899
4.91041753427606
4.87972742468684
4.89814149044037
4.94110764386529
4.96565973153667
4.95338368770098
4.98407379729021
4.99021181920805
4.94724566578313
4.97793577537236
4.98407379729021
4.95338368770098
5.03317797263297
5.06386808222219
5.08842016989357
5.10069621372926
5.09455819181142
5.09455819181142
5.12524830140064
5.14366236715418
5.16207643290771
5.13138632331849
5.13752434523633
5.13752434523633
5.10683423564711
5.07614412605788
5.07614412605788
5.13138632331849
5.13138632331849
5.12524830140064
5.11297225756495
5.10069621372926
5.14980038907202
5.19890456441478
5.24800873975754
5.26642280551108
5.26028478359323
5.29711291510031
5.31552698085384
5.34621709044307
5.3646311561966
5.37690720003229
5.43828741921074
5.47511555071781
5.46283950688212
5.51808170414273
5.51808170414273
5.50580566030704
5.49352961647135
5.46897752879997
5.49966763838919
5.52421972606057
5.51808170414273
5.51808170414273
5.53035774797842
5.48125357263566
5.46283950688212
5.52421972606057
5.51808170414273
5.57946192332118
5.61629005482825
5.6101520329104
5.5549098356498
5.63470412058178
5.6101520329104
5.57946192332118
5.59173796715687
5.59787598907471
5.5549098356498
5.60401401099256
5.64698016441747
5.6101520329104
5.61629005482825
5.64698016441747
5.70836038359593
5.68994631784239
5.6776702740067
5.70222236167808
5.70836038359593
5.76360258085653
5.78815466852791
5.72677444934946
5.73291247126731
5.70222236167808
5.6776702740067
5.68380829592455
5.65311818633532
5.67153225208885
5.66539423017101
5.64698016441747
5.67153225208885
5.64084214249963
5.61629005482825
5.67153225208885
5.64084214249963
5.68380829592455
5.73291247126731
5.73905049318515
5.8004307123636
5.79429269044576
5.83725884387067
5.83725884387067
5.89863906304912
5.95388126030973
6.00298543565249
6.03367554524171
6.00912345757033
6.05208961099525
6.05822763291309
6.11960785209155
6.14415993976293
6.21167818085922
6.21781620277707
6.20554015894138
6.28533444387336
6.29761048770905
6.28533444387336
6.34057664113397
6.35285268496966
6.40195686031242
6.50016521099794
6.50016521099794
6.60451158360131
6.59223553976562
6.66589180277976
6.62292564935484
6.62906367127269
6.70885795620467
6.72113400004036
6.72727202195821
6.83161839456158
6.84389443839727
6.8623085041508
6.89299861374003
6.92368872332925
7.00348300826124
7.02803509593262
7.06486322743969
7.05872520552184
7.08941531511107
7.1078293808646
7.1078293808646
7.13851949045383
7.16920960004305
7.16307157812521
7.1753476219609
7.19376168771444
7.22445179730366
7.27355597264642
7.27969399456427
7.28583201648211
7.27355597264642
7.26741795072858
7.26741795072858
7.23672784113935
7.26741795072858
7.25514190689289
7.27355597264642
7.21217575346797
7.21217575346797
7.18148564387875
7.14465751237167
7.13238146853598
7.18148564387875
7.19376168771444
7.21217575346797
7.28583201648211
7.31038410415349
7.31038410415349
7.2981080603178
7.35335025757841
7.31652212607134
7.27969399456427
7.24900388497504
7.32879816990703
7.41473047675686
7.37176432333194
7.39017838908548
7.40859245483901
7.35948827949625
7.33493619182487
7.32879816990703
7.35948827949625
7.35335025757841
7.30424608223565
7.33493619182487
7.37790234524979
7.4208684986747
7.43928256442824
7.49452476168884
7.58659509045652
7.65411333155282
7.66638937538851
7.63569926579928
7.67252739730635
7.66025135347066
7.70321750689558
7.68480344114204
7.7339076164848
7.77073574799187
7.77073574799187
7.78914981374541
7.82597794525248
7.89349618634877
7.89963420826662
7.91804827402015
7.93032431785584
7.9917045370343
8.00398058086999
8.06536080004844
8.13901706306258
8.21267332607672
8.20653530415887
8.24336343566594
8.27405354525517
8.25563947950163
8.27405354525517
8.28632958909086
8.28019156717301
8.29246761100871
8.29860563292655
8.34770980826931
8.37226189594069
8.37839991785854
8.31088167676224
8.35384783018715
8.34157178635147
8.33543376443362
8.34770980826931
8.40295200552992
8.48888431237975
8.55640255347604
8.5502645315582
8.61164475073665
8.64847288224372
8.63619683840803
8.69143903566864
8.68530101375079
8.70371507950433
8.75281925484709
8.71599112334001
8.72212914525786
8.75895727676493
8.75895727676493
8.77123332060062
8.72212914525786
8.76509529868278
8.7405432110114
8.71599112334002
8.77123332060062
8.70985310142217
8.70985310142217
8.78350936443631
8.795785408272
8.82647551786123
8.85102760553261
8.84488958361476
8.84488958361476
8.85102760553261
8.80806145210769
8.77737134251847
8.80192343018985
8.82033749594338
8.83875156169692
8.84488958361476
8.90626980279321
8.94309793430028
9.07813441649287
9.09041046032856
9.16406672334271
9.1763427671784
9.17020474526055
9.13337661375348
9.20089485484978
9.24999903019254
9.26227507402823
9.31751727128883
9.37275946854944
9.39731155622082
9.34820738087806
9.37889749046728
9.40958760005651
9.42800166581005
9.37889749046728
9.36048342471375
9.32365529320668
9.40344957813866
9.42800166581005
9.34820738087806
9.37889749046728
9.49551990690634
9.58145221375617
9.59986627950971
9.64283243293462
9.67352254252385
9.76559287129152
9.77173089320937
9.81469704663428
9.82083506855213
9.88835330964843
9.90676737540196
9.86380122197705
9.89449133156627
9.94973352882688
9.96814759458041
10.0111137480053
10.0172517699232
10.0663559452659
10.1707023178693
10.2320825370478
10.1277361644444
10.1522882521158
10.1400122082801
10.1400122082801
10.0786319891016
10.0847700110195
10.0540799014302
10.0602179233481
10.0786319891016
10.1277361644444
10.182978361705
10.3057388000619
10.3302908877333
10.3487049534868
10.3609809973225
10.379395063076
10.3916711069117
10.459189348008
10.4776034137616
10.4530513260902
10.5512596767757
10.5635357206114
10.6003638521185
10.6678820932148
10.7169862685575
10.7292623123932
10.6310539617077
10.6924341808861
10.6740201151326
10.5942258302006
10.5635357206114
10.6371919836255
10.6924341808861
10.7538144000646
10.6617440712969
10.7108482466397
10.7231242904754
10.7599524219824
10.8642987945858
10.8765748384215
10.9502311014356
10.9440930795178
10.9870592329427
10.9440930795178
10.9440930795178
11.054577474039
11.0484394521211
10.9931972548605
10.9809212110248
11.1159576932174
11.1282337370531
11.214166043903
11.2878223069171
11.4167207671919
11.4842390082881
11.5210671397952
11.5824473589737
11.5885853808915
11.6561036219878
11.6806557096592
11.6376895562343
11.6622416439057
11.6806557096592
11.7911401041804
11.8034161480161
11.8218302137696
11.7850020822626
11.8832104329481
11.8832104329481
11.926176586373
11.9752807617158
12.0366609808942
12.0489370247299
12.0734891124013
12.0734891124013
12.1901115288403
12.1901115288403
12.202387572676
12.2637677918545
12.2576297699366
12.3067339452794
12.3190099891151
12.3005959233615
12.3803902082935
12.4110803178828
12.441770427472
12.4970126247326
12.4724605370612
12.5338407562397
12.5154266904861
12.6136350411716
12.601358997336
12.6934293261036
12.7916376767891
12.7609475671999
12.8100517425427
12.8530178959676
12.8837080055568
12.8530178959676
12.9328121808996
12.9266741589817
12.9819163562423
12.9328121808996
12.9021220713104
12.8898460274747
12.8714319617211
12.8898460274747
12.9205361370639
12.8959840493925
12.9880543781602
13.0248825096673
13.0862627288457
13.0248825096673
12.994192400078
13.0862627288457
13.1660570137777
13.2274372329562
13.2642653644632
13.2826794302168
13.2949554740524
13.3072315178881
13.4606820658343
13.4790961315878
13.4545440439164
13.509786241177
13.6018565699447
13.7000649206302
13.7982732713157
13.908757665837
13.8780675562477
13.8719295343299
13.9639998630976
13.8719295343299
13.908757665837
13.9394477754262
13.945585797344
14.0622082137831
14.0499321699474
14.0928983233723
14.0499321699474
14.1420024987151
14.2095207398114
14.2156587617292
14.2893150247433
14.3568332658396
14.4120754631003
14.4795937041965
14.6146301863891
14.6023541425534
14.700562493239
14.7435286466639
14.7496666685817
14.8110468877602
14.8049088658423
14.8847031507743
14.8908411726922
14.8908411726922
15.0749818302275
15.1547761151595
15.2284323781736
15.3266407288592
15.4064350137912
15.5169194083124
15.5107813863945
15.5169194083124
15.5046433644767
15.5046433644767
15.5598855617373
15.7071980877656
15.7133361096834
15.6151277589979
15.7440262192726
15.8667866576295
15.9097528110545
15.8974767672188
15.928166876808
15.8545106137938
15.9343048987258
16.00796116174
16.1000314905076
16.1123075343433
16.2534820384538
16.3025862137965
16.3087242357144
16.3578284110571
16.3087242357144
16.4621747836605
16.5358310466746
16.6585914850316
16.6585914850316
16.6524534631137
16.7445237918814
16.7322477480457
16.7506618137992
16.8304560987312
16.9409404932524
16.959354559006
17.0637009316093
17.1189431288699
17.1925993918841
17.2662556548982
17.3276358740767
17.5363286192834
17.5977088384618
17.6222609261332
17.6590890576403
17.6652270795581
17.7634354302437
17.8125396055864
17.8064015836686
17.8616437809292
17.9353000439433
17.9598521316147
18.107164657643
18.1992349864107
18.303581359014
18.3895136658639
18.4447558631245
18.5613782795635
18.7271048713453
18.739380915181
18.7823470686059
18.8130371781952
18.9603497042235
19.0094538795662
19.2304226686086
19.2365606905265
19.3409070631299
19.4207013480618
19.4575294795689
19.6171180494329
19.5925659617615
19.6846362905292
19.6600842028578
19.7828446412147
19.8135347508039
19.8442248603931
19.8442248603931
19.96698529875
20.0774696932713
20.1449879343676
20.2923004603958
20.3782327672457
20.3966468329992
20.4027848549171
20.3843707891635
20.482579139849
20.4764411179312
20.4948551836847
20.6053395782059
20.7526521042342
20.7342380384807
20.7956182576591
20.8754125425911
20.9429307836874
20.9736208932766
21.0902433097157
21.1270714412228
21.2007277042369
21.237555835744
21.3050740768403
21.397144405608
21.3234881425938
21.3848683617723
21.4216964932793
21.3848683617723
21.4216964932793
21.4769386905399
21.4953527562935
21.5383189097184
21.6365272604039
21.7715637425965
21.7347356110894
21.7961158302679
21.7101835234181
21.7654257206787
21.7961158302679
21.8636340713642
21.9188762686248
21.9802564878032
22.0600507727352
22.1214309919137
22.2564674741063
22.2073632987635
22.1950872549278
22.2564674741063
22.3362617590383
22.2932956056133
22.268743517942
22.2503294521884
22.1828112110921
22.2380534083527
22.2626054960241
22.3915039562989
22.4099180220524
22.3669518686275
22.4099180220524
22.4590221973952
22.4406081316416
22.3301237371204
22.2748815398598
22.385365934381
22.4467461535595
22.4590221973952
22.544954504245
22.3608138467096
22.3608138467096
22.3730898905453
22.4099180220524
22.5756446138342
22.5388164823271
22.6124727453413
22.5510925261628
22.6677149426019
22.7106810960268
22.6554388987662
22.5756446138342
22.6001967015056
22.7106810960268
22.6738529645197
22.6124727453413
22.6554388987662
22.6984050521911
22.704543074109
22.7229571398625
22.741371205616
22.7168191179446
22.7597852713696
22.7352331836982
22.7597852713696
22.8334415343837
22.8702696658908
22.90095977548
22.9562019727406
22.9684780165763
23.0421342795904
23.1894468056187
23.2631030686329
23.2999312001399
23.3613114193184
23.3858635069898
23.4349676823325
23.4226916384968
23.496347901511
23.5393140549359
23.5638661426073
23.6559364713749
23.6989026247999
23.8155250412389
23.8707672384995
23.7909729535675
23.8646292165817
23.9812516330207
23.9751136111029
23.9935276768564
24.0671839398706
24.0180797645278
24.048769874117
23.932147457678
23.9935276768564
24.0671839398706
24.2206344878167
24.1653922905561
24.2513245974059
24.3986371234342
24.4354652549413
24.4968454741197
24.4722933864483
24.4968454741197
24.564363715216
24.5582256932982
24.6380199782302
24.7669184385049
24.7423663508335
24.7362283289157
24.7730564604227
24.8651267891904
24.8958168987796
25.0063012933009
24.9571971179581
24.9756111837116
25.1045096439864
25.1045096439864
25.1229237097399
25.0247153590544
24.9510590960403
25.0308533809722
24.9878872275473
24.9817492056295
25.0247153590544
25.0247153590544
24.9326450302867
24.9694731617938
24.920368986451
24.9940252494652
24.9817492056295
25.0063012933009
24.9633351398759
25.0431294248079
25.0860955782328
25.0124393152187
24.9387830522046
24.9326450302867
25.0615434905615
25.0860955782328
25.1904419508362
25.3254784330288
25.3254784330288
25.239546126179
25.1658898631648
25.0922336001507
25.1965799727541
25.0860955782328
24.9940252494652
25.1229237097399
25.0676815124793
25.1351997535756
25.2088560165897
25.2088560165897
25.2088560165897
25.0860955782328
25.0554054686436
25.0738195343972
25.1045096439864
25.1167856878221
24.9756111837116
24.9265070083689
24.8712648111083
24.8528507453547
24.8282986576834
24.7669184385049
24.7485043727514
24.7976085480941
24.8221606357655
24.8651267891904
24.8098845919298
24.840574701519
24.8774028330261
24.8528507453547
24.8651267891904
24.9142309645332
24.9080929426153
24.9940252494652
24.9817492056295
24.9142309645332
24.9142309645332
24.9142309645332
24.8467127234369
24.72395228508
24.803746570012
24.7976085480941
24.7791944823406
24.6871241535729
24.6809861316551
24.5582256932982
24.484569430284
24.4416032768591
24.5766397590517
24.5213975617911
24.4293272330234
24.2942907508308
24.3372569042557
24.3127048165844
24.2942907508308
24.2942907508308
24.2144964658988
24.0733219617884
24.0671839398706
23.9935276768564
24.0917360275419
24.0610459179527
24.0855980056241
23.9996656987743
23.9873896549386
23.9628375672672
23.9075953700066
23.8769052604174
24.0180797645278
24.0426318521992
23.9751136111029
23.9996656987743
23.9628375672672
23.9628375672672
23.9444235015137
23.8278010850746
23.8339391069924
23.7173166905534
23.6436604275393
23.6436604275393
23.6375224056214
23.6436604275393
23.5945562521965
23.5208999891824
23.4779338357574
23.3920015289076
23.3306213097292
23.3674494412362
23.4779338357574
23.4595197700039
23.3858635069898
23.3490353754827
23.3797254850719
23.3060692220578
23.3183452658935
23.2262749371258
23.1526186741116
23.060548345344
23.097376476851
23.1280665864403
23.097376476851
22.9991681261655
22.9193738412335
22.821165490548
22.7229571398625
22.6431628549305
22.5940586795877
22.4590221973952
22.4712982412308
22.305571649449
22.3117096713669
22.305571649449
22.2871575836955
22.2196393425992
22.305571649449
22.2748815398598
22.3178476932847
22.0907408823244
21.9925325316389
21.9250142905426
21.8574960494463
21.8083918741036
21.8145298960214
21.6119751727325
21.5874230850612
21.4646626467042
21.4523866028686
21.5076288001292
21.4216964932793
21.3112120987581
21.2007277042369
21.1638995727298
21.1884516604012
21.1700375946477
21.1638995727298
21.1823136384834
21.0472771562908
20.9674828713588
20.8876885864268
20.8631364987554
20.8140323234127
20.7403760603985
20.6237536439595
20.5746494686167
20.5009932056026
20.5194072713561
20.5378213371096
20.5869255124524
20.525545293274
20.5807874905346
20.6237536439595
20.6237536439595
20.6237536439595
20.642167709713
20.5869255124524
20.642167709713
20.7526521042342
20.7403760603985
20.7772041919056
20.721961994645
20.7281000165628
20.6667197973844
20.642167709713
20.6360296877952
20.6851338631379
20.6544437535487
20.6667197973844
20.7403760603985
20.8201703453305
20.7710661699878
20.8201703453305
20.7710661699878
20.8876885864268
20.9245167179339
21.0534151782086
21.1454855069763
20.9858969371123
21.1086573754692
21.1516235288941
21.2314178138261
21.3112120987581
21.2743839672511
21.2805219891689
21.354178252183
21.3112120987581
21.3848683617723
21.4585246247864
21.4462485809507
21.5383189097184
21.593561106979
21.6365272604039
21.6917694576645
21.7224595672537
21.8636340713642
21.9311523124605
21.9863945097211
22.0048085754746
22.0968789042423
22.1582591234207
22.2073632987635
22.3546758247918
22.4344701097238
22.661576920684
22.821165490548
22.8886837316443
22.8886837316443
23.0544103234261
23.1035144987689
23.2078608713723
23.3122072439756
23.4533817480861
23.6436604275393
23.6313843837036
23.7480068001426
23.8462151508281
23.9628375672672
24.0303558083635
24.0549078960349
24.2144964658988
24.3495329480914
24.6257439343945
24.8282986576834
25.0063012933009
25.1106476659042
25.2027179946719
25.4236867837143
25.4114107398786
25.5894133754961
25.6876217261817
25.7183118357709
25.9331426028955
26.0252129316631
26.1786634796093
26.4978406193372
26.626739079612
26.8415698467365
27.25895533715
27.5106142357817
27.7868252220847
27.9464137919487
28.2471768659231
28.4742836768833
28.6645623563365
28.8180129042827
29.002153561818
29.1985702631891
29.4195390522315
29.7080260823702
30.0640313536052
30.3156902522369
30.5550731070328
30.5980392604577
30.7330757426503
31.0461148604604
31.2793596933385
31.4512243070382
31.696745183752
32.0036462796443
32.0895785864941
32.3228234193722
32.568344296086
32.8261412166355
33.004143852253
33.2987689043096
33.6854642851338
33.9862273591082
34.2685763673291
34.630719660482
34.8578264714422
34.9990009755527
35.3243161371984
35.6496312988442
35.8644620659688
36.1836392056967
36.4598501919998
36.9447539235095
37.3007591947446
37.6260743563903
38.0618739125573
38.50994951256
38.9580251125627
39.3754106029762
39.5779653262651
39.9523846632536
40.1856294961317
40.2224576276388
40.4557024605169
40.7380514687378
41.124746849562
41.4377859673721
41.7139969536752
42.0331740934031
42.4628356276523
42.831116942723
43.3098826523149
43.6167837482071
44.0034791290314
44.2244479180738
44.4761068167055
44.7830079125977
45.286325709861
45.7098492221923
45.9246799893169
46.3236514139768
46.6182764660334
46.9804197591862
47.2934588769963
47.6494641482314
48.0914017263162
48.5272012824832
48.8463784222112
49.1041753427606
49.3128680879674
49.6259072057775
50.0064645646839
50.4238500550973
50.7614412605788
51.1174465318138
51.4734518030488
51.626902350995
51.9644935564765
52.2775326742866
52.6765040989465
52.8851968441532
53.0018192605923
53.1429937647027
53.486722992102
53.6340355181303
53.7752100222408
53.9716267236118
54.1373533153936
54.4442544112859
54.6836372660818
54.9352961647135
55.2237831948522
55.5368223126623
55.6166165975943
55.6902728606084
55.905103627733
56.2672469208859
56.4575256003391
56.6355282359566
57.0283616386986
57.0590517482879
57.2616064715768
57.3966429537694
57.6176117428118
57.9674789921289
58.2682420661034
58.3910025044603
58.4646587674744
58.7470077756953
58.9311484332306
59.2012213976158
59.4099141428225
59.4774323839188
59.747505348304
59.8395756770717
59.6861251291256
59.9930262250178
60.1587528167996
60.3797216058421
60.4840679784454
60.5638622633774
60.69889874557
60.7173128113235
60.8032451181734
60.9935237976266
61.3127009373545
61.374081156533
61.4293233537936
61.4661514853006
61.7178103839323
61.8958130195498
62.1597479620171
62.202714115442
62.4114068606488
62.4727870798272
62.6630657592804
62.7796881757195
62.9085866359942
63.0681752058582
63.197073666133
63.3628002579148
63.3014200387363
63.5592169592858
63.7863237702461
63.8170138798353
63.8231519017531
63.7863237702461
63.9213602524387
63.7617716825747
63.6451492661356
63.6205971784643
63.6451492661356
63.6390112442178
63.5101127839431
63.5039747620252
63.4610086086003
63.7003914633963
63.5285268496966
63.4119044332575
63.4364565209289
63.3750763017505
63.5469409154501
63.5776310250393
63.5837690469572
63.7065294853141
63.669701353807
63.7556336606569
63.6512872880535
63.6451492661356
63.553078937368
63.5223888277787
63.6328732223
63.6021831127107
63.6512872880535
63.4303184990111
63.3750763017505
63.4978367401074
63.473284652436
63.2032116880508
63.2891439949006
63.23390179764
63.3198341044899
63.2093497099686
63.2032116880508
63.0558991620225
62.9454147675013
62.877896526405
62.7674121318838
62.6078235620198
62.4605110359915
62.5587193866771
62.4912011455808
62.4482349921559
62.3438886195525
62.2088521373599
62.3131985099633
62.1474719181814
61.9019510414676
61.9080890633855
61.9326411510569
61.7730525811929
61.7730525811929
61.5029796168077
61.3433910469437
61.2697347839296
60.975109731873
61.0057998414623
60.895315446941
60.8523492935161
60.8339352277626
60.6129664387202
60.5147580880347
60.5331721537882
60.4779299565276
60.2508231455673
60.2201330359781
60.2446851236495
60.0850965537855
59.9930262250178
59.7659194140576
59.630882931865
59.6063308441936
59.3546719455619
59.2687396387121
59.1889453537801
58.9434244770663
58.8452161263808
58.9495624989842
58.8145260167916
58.6733515126811
58.4953488770636
58.5137629428172
58.2989321756926
58.1270675619929
57.9736170140468
57.8569945976077
57.6728539400724
57.7035440496616
57.6176117428118
57.2984346030838
57.0774658140414
56.9608433976024
56.8442209811633
56.8871871345882
56.776702740067
56.7705647181492
56.8994631784239
56.8073928496562
56.7644266962313
56.6416662578744
56.6293902140387
56.856497024999
56.7275985647242
56.6662183455458
56.6539423017101
56.5434579071889
56.5311818633532
56.4391115345855
56.2917990085572
56.1935906578717
56.0953823071862
55.7884812112939
55.708686926362
55.7946192332118
55.7209629701976
55.5859264880051
55.3404056112913
55.3588196770448
55.3833717647162
55.2790253921128
55.2176451729343
54.9782623181384
54.873915945535
54.7143273756711
54.7143273756711
54.6468091345748
54.4688064989572
54.3030799071754
54.2908038633397
54.1128012277222
53.8918324386798
53.8181761756657
53.8120381537478
53.7874860660764
53.7138298030623
53.7138298030623
53.6094834304589
53.5849313427876
53.6892777153909
53.7936240879943
53.7015537592266
53.7506579345694
53.5542412331983
53.5419651893626
53.4376188167593
53.3209964003202
53.2780302468953
53.1675458523741
53.2227880496347
52.9956812386744
52.8176786030569
52.8974728879889
52.8299546468926
52.8483687126461
52.7931265153855
52.9036109099068
52.7133322304536
52.6396759674394
52.6458139893573
52.535329594836
52.6642280551108
52.5107775071647
52.3818790468899
52.2100144331903
52.2775326742866
52.3880170688078
52.2529805866152
52.1670482797653
52.1363581701761
51.8110430085303
51.9276654249694
52.0074597099014
52.0197357537371
51.8724232277088
51.823319052366
51.8969753153802
51.8969753153802
51.743524767434
51.7189726797627
51.7128346578448
51.7803528989411
51.6698685044199
51.6514544386664
51.6023502633236
51.5409700441451
51.5286940003095
51.4488997153775
51.2893111455135
51.0683423564711
51.0131001592105
50.9394438961963
50.9271678523606
50.8535115893465
50.6632329098933
50.5773006030435
50.6141287345505
50.356331814001
50.1844672003014
50.2028812660549
50.2090192879728
50.1353630249586
49.963498411259
49.7793577537236
49.7179775345452
49.4970087455027
49.3435581975566
49.2821779783782
49.1164513865963
49.091899298925
48.9814149044037
49.0427951235822
48.9568628167324
48.9568628167324
48.7174799619364
48.6499617208401
48.5517533701546
48.5087872167297
48.3123705153586
48.3737507345371
48.3062324934408
48.1589199674125
48.060711616727
48.1036777701519
48.0238834852199
47.8949850249452
47.7967766742596
47.6310500824778
47.5758078852172
47.4284953591889
47.2873208550785
47.189112504393
47.0786281098718
46.869935364665
46.7471749263081
46.5875863564442
46.4893780057586
46.4464118523337
46.4955160276765
46.354341523566
46.3052373482233
46.1395107564415
45.9308180112347
46.0228883400024
45.9430940550704
45.7957815290422
45.9246799893169
45.7712294413708
45.5379846084927
45.3906720824644
45.1758413153398
45.1635652715041
45.1819793372576
45.1574272495863
45.0162527454758
45.0223907673937
44.9794246139688
44.8750782413654
44.6602474742408
44.4576927509519
44.4208646194448
44.3103802249236
44.2060338523203
44.0955494577991
43.9114088002637
43.7088540769748
43.5369894632752
43.463333200261
43.3712628714933
43.1932602358758
43.0643617756011
42.910911227655
42.7451846358731
42.6162861755984
42.4444215618987
42.2602809043634
42.3277991454597
42.2234527728563
42.0822782687459
41.8858615673748
41.8244813481964
41.7385490413466
41.7876532166893
41.7078589317573
41.5544083838112
41.4930281646327
41.364129704358
41.1861270687405
41.0817806961371
40.9590202577802
41.0019864112051
40.9221921262732
40.6275670742166
40.6091530084631
40.6275670742166
40.412736307092
40.4004602632563
40.4065982851742
40.2285956495567
40.2838378468173
40.1856294961317
40.0874211454462
39.976936750925
39.860314334486
39.8296242248967
39.7621059838004
39.6516215892792
39.6577596111971
39.5841033481829
39.424514778319
39.3078923618799
39.1667178577695
39.1421657700981
39.1605798358516
39.1605798358516
39.2710642303728
39.1789939016052
39.025543353659
39.0194053317412
38.9396110468092
39.025543353659
39.0316813755769
38.8475407180415
38.8107125865344
38.6449859947526
38.393327096121
38.2889807235176
38.1784963289964
38.1232541317358
37.9820796276254
37.8715952331042
37.681316553651
37.6567644659796
37.601522268719
37.4910378741978
37.3928295235122
37.3253112824159
37.282345128991
37.1104805152914
36.9754440330988
36.8097174413169
36.7913033755634
36.6439908495351
36.4352981043284
36.4475741481641
36.4230220604927
36.4475741481641
36.4782642577533
36.2757095344644
36.2388814029574
36.0854308550112
35.9565323947365
35.9074282193937
35.815357890626
35.7417016276119
35.6557693207621
35.5575609700766
35.5575609700766
35.4654906413089
35.4716286632267
35.3488682248698
35.3059020714449
35.2506598741843
35.2015556988415
35.0849332824025
35.0296910851419
35.0051389974705
34.9621728440456
34.8578264714422
34.6307196604819
34.6245816385641
34.6368576823998
34.6491337262355
34.6736858139069
34.6614097700712
34.5202352659607
34.4772691125358
34.4404409810288
34.3851987837681
34.3176805426719
34.2010581262328
34.0230554906153
33.9125710960941
33.7591205481479
33.8511908769156
33.8020867015729
33.7529825262301
33.7038783508873
33.6670502193803
33.6854642851338
33.5688418686947
33.5135996714341
33.5135996714341
33.3294590138988
33.2373886851311
33.083938137185
32.9489016549924
32.9427636330745
32.9366256111567
33.0225579180065
32.9857297864995
33.0225579180065
33.0102818741708
32.8629693481426
32.7893130851284
32.6604146248537
32.5928963837574
32.5008260549897
32.3228234193722
32.3044093536187
32.1755108933439
32.0957166084119
32.0281983673156
31.893161885123
31.8870238632052
31.776539468684
31.5923988111486
31.5678467234773
31.4819144166274
31.2179794741601
31.0461148604604
30.7944559618288
30.7023856330611
30.5796251947042
30.548935085115
30.5366590412793
30.5427970631971
30.5427970631971
30.4384506905938
30.4016225590867
30.3832084933332
30.4077605810045
30.389346515251
30.229757945387
30.0394792659338
29.9474089371662
29.9351328933305
29.8246484988092
29.757130257713
29.8307865207271
29.6282317974382
29.4870572933278
29.4747812494921
29.4318150960672
29.2906405919567
29.2108463070247
29.0205676275715
28.7995988385291
28.5847680714045
28.5970441152402
28.4804216988012
28.1735206029089
28.1489685152375
28.0691742303056
28.0384841207163
27.9464137919487
27.774549178249
27.7868252220847
27.6886168713992
27.5474423672887
27.4860621481103
27.4369579727675
27.3878537974248
27.3203355563285
27.3203355563285
27.3264735782463
27.2773694029035
27.3019214905749
27.2773694029035
27.2835074248214
27.3694397316712
27.3694397316712
27.3817157755069
27.3448876439998
27.2773694029035
27.1975751179716
27.1361948987931
27.1055047892039
27.1484709426288
27.0809527015325
26.9888823727648
26.8354318248187
26.7494995179689
26.8292938029008
26.7617755618046
26.6697052330369
26.6083250138584
26.5162546850908
26.2645957864591
26.307561939884
26.3198379837197
26.2768718302948
26.1786634796093
26.190939523445
26.190939523445
26.1663874357736
26.1172832604308
26.0252129316631
25.8472102960456
25.7981061207029
25.9392806248133
25.871762383717
25.8533483179635
25.7858300768672
25.7428639234423
25.712173813853
25.5771373316605
25.5034810686463
25.5034810686463
25.4298248056322
25.3623065645359
25.2825122796039
25.1904419508362
25.1474757974113
25.079957556315
25.0492674467258
24.9571971179581
24.9694731617938
24.9019549206975
24.8958168987796
24.7791944823406
24.6748481097372
24.6380199782302
24.6502960220658
24.4722933864483
24.3924991015164
24.367947013845
24.208358443981
24.2513245974059
24.1592542686382
24.1960824001453
24.1162881152133
23.9566995453494
23.9198714138423
23.7971109754854
23.7050406467177
23.6559364713749
23.7111786686355
23.5945562521965
23.5147619672645
23.533176033018
23.4226916384968
23.2324129590436
23.1035144987689
23.1157905426046
23.1955848275366
23.1833087837009
23.1833087837009
23.0851004330153
22.980754060412
22.9930301042477
23.0175821919191
22.9930301042477
22.9562019727406
22.90095977548
22.90095977548
22.9316498850692
22.9562019727406
22.8948217535622
22.8764076878086
22.8395795563015
22.7904753809588
22.7659232932874
22.7106810960268
22.661576920684
22.5142643946558
22.4283320878059
22.3915039562989
22.2380534083527
22.2380534083527
22.1582591234207
22.1766731891743
22.0723268165709
22.0723268165709
22.1152929699958
22.0477747288995
22.0784648384888
21.9311523124605
21.869772093282
21.78997780835
21.6856314357467
21.6303892384861
21.5812850631433
21.5751470412255
21.593561106979
21.6119751727325
21.5444569316362
21.6119751727325
21.4708006686221
21.4155584713615
21.4216964932793
21.5567329754719
21.4953527562935
21.433972537115
21.2621079234154
21.1884516604012
21.1086573754692
21.1270714412228
21.0043110028659
20.8631364987554
20.7465140823164
20.6728578193022
20.6544437535487
20.642167709713
20.5992015562881
20.5071312275204
20.445751008342
20.3905088110814
20.3414046357386
20.3168525480672
20.286162438478
20.2370582631352
20.2125061754639
20.0283655179285
20.0713316713534
19.9915373864214
19.9362951891608
19.9362951891608
19.8626389261467
19.9240191453251
19.8749149699824
19.9485712329965
19.9178811234073
19.8687769480645
19.850362882311
19.7460165097076
19.7030503562827
19.7582925535433
19.7276024439541
19.7951206850504
19.7951206850504
19.850362882311
19.8565009042288
19.7398784877898
19.6416701371043
19.610980027515
19.5127716768295
19.5189096987474
19.4513914576511
19.3777351946369
19.2856648658692
19.3286310192942
19.2856648658692
19.2058705809373
19.1015242083339
19.0646960768268
19.0646960768268
19.138352339841
19.0401439891554
19.058558054909
19.0462820110733
18.898969485045
18.8437272877844
18.819175200113
18.8621413535379
18.7271048713453
18.7577949809346
18.6780006960026
18.5859303672349
18.5859303672349
18.5306881699743
18.4263417973709
18.4570319069602
18.5061360823029
18.4999980603851
18.4386178412066
18.3097193809319
18.2544771836713
18.1133026795608
18.0089563069575
17.867781802847
17.7757114740794
17.7266072987366
17.6161229042154
17.5854327946262
17.511776531612
17.3828780713373
17.3644640055837
17.3030837864053
17.2478415891447
17.1189431288699
17.0452868658558
17.0391488439379
17.0145967562666
16.9839066466773
16.9532165370881
16.9900446685952
16.9348024713346
16.8918363179097
16.8181800548955
16.7690758795528
16.7752139014706
16.7690758795528
16.7752139014706
16.8120420329777
16.7015576384565
16.5787972000996
16.5972112658531
16.560383134346
16.4990029151676
16.5665211562639
16.560383134346
16.5419690685925
16.3762424768107
16.3025862137965
16.2289299507824
16.1982398411932
16.1921018192753
16.0570653370827
15.9527189644794
15.8913387453009
15.8729246795474
15.7194741316013
15.7194741316013
15.7563022631083
15.7931303946154
15.7317501754369
15.7808543507797
15.7501642411905
15.7501642411905
15.7931303946154
15.6212657809157
15.5905756713265
15.572161605573
15.5169194083124
15.4616772110518
15.4002969918733
15.3818829261198
15.3696068822841
15.3573308384484
15.3511928165305
15.216156334338
15.1547761151595
15.1056719398167
15.0688438083097
15.0442917206383
15.0013255672134
14.9951875452955
14.9092552384457
14.8540130411851
14.737390624746
14.8233229315959
14.8478750192673
14.6944244713211
14.6330442521427
14.6453202959784
14.5655260110464
14.4795937041965
14.5102838137858
14.3936613973467
14.344557222004
14.2770389809077
14.3261431562504
14.3936613973467
14.3506952439218
14.2279348055649
14.1113123891258
14.0499321699474
14.1174504110437
14.0376561261117
13.9517238192619
13.9578618411797
13.8964816220013
13.7737211836444
13.7307550302194
13.6448227233696
13.5650284384376
13.5588904165198
13.4054398685737
13.4177159124093
13.4913721754235
13.4361299781629
13.3440596493952
13.3563356932309
13.3501976713131
13.3747497589844
13.313369539806
13.2888174521346
13.2212992110383
13.1783330576134
13.2212992110383
13.1599189918599
13.0924007507636
13.0801247069279
13.0064684439137
13.0064684439137
12.9696403124067
12.957364268571
12.9143981151461
12.9143981151461
12.7732236110356
12.6995673480215
12.6750152603501
12.6627392165144
12.6750152603501
12.7302574576107
12.7057053699393
12.6627392165144
12.7057053699393
12.7057053699393
12.7057053699393
12.6074970192538
12.5461168000753
12.5399787781575
12.5768069096646
12.5952209754181
12.601358997336
12.4970126247326
12.5092886685683
12.4970126247326
12.3865282302114
12.3374240548686
12.4110803178828
12.3865282302114
12.3926662521292
12.4110803178828
12.3681141644578
12.478598558979
12.3803902082935
12.2944579014437
12.3067339452794
12.3128719671972
12.3190099891151
12.3005959233615
12.2514917480188
12.2146636165117
12.1041792219905
12.0980412000727
12.0305229589764
11.9445906521265
11.9630047178801
12.0305229589764
11.9630047178801
11.8832104329481
11.8709343891124
11.7727260384269
11.7481739507555
11.7604499945912
11.7052077973306
11.7481739507555
11.6622416439057
11.5824473589737
11.5149291178774
11.4965150521238
11.4474108767811
11.4228587891097
11.3123743945885
11.2264420877387
11.1773379123959
11.0668535178747
11.0852675836282
11.0975436274639
11.0116113206141
10.9870592329427
10.9318170356821
10.8765748384215
10.8888508822572
10.894988904175
10.8704368165036
10.8888508822572
10.8642987945858
10.7660904439003
10.735400334311
