#Do NOT change the following lines if you want to re-draw the image with replot.r! If you change the matrix values, cut and paste the commented lines into your new file and run replot.r.
#reg2plot:genebody
#flanksize:0
#intsize:3000
#flankfactor:0
#shade.alp:0
#rnaseq.gb:TRUE
#width:2000
#height:1800
RNA-seq:RN4:chr20
0.0497690207305639
0.049768598300755
0.0497774288598228
0.0517704900142491
0.057728617664212
0.0749712307245823
0.0747005365049788
0.074652994229931
0.074667239629895
0.0745945507329641
0.074896987851564
0.0737027289353029
0.0791022782668629
0.0821165747343403
0.0904448563455838
0.100202067666752
0.108693906031765
0.109353565611303
0.108059619915476
0.107892424570521
0.10780540039288
0.107773955749678
0.107783236488195
0.107855082707077
0.106028994339078
0.0999898393969298
0.0994692149543082
0.100521079540302
0.106983932582708
0.10762588213932
0.109673346888532
0.112908207901611
0.114668052685636
0.119017998232577
0.126187807715231
0.123833561450334
0.127949262132371
0.133383439330734
0.132364292727213
0.136984869984187
0.141036585398279
0.141101133702863
0.139316078193916
0.132655980523642
0.132640714618595
0.132775987177065
0.132946933209734
0.13218188720123
0.132201073508349
0.136284227736304
0.133003590337743
0.1332763066967
0.13190853454126
0.140940219911308
0.144043929231109
0.15019465901965
0.149032532933724
0.149642130489397
0.148299183387669
0.153145408809828
0.159273568286739
0.15338897834498
0.14256505029366
0.149020249294372
0.150186664625431
0.149133280655244
0.149826904085737
0.148602766608859
0.156679449845824
0.1641442838415
0.169687003405483
0.178582726070067
0.183179787834894
0.184351141474029
0.185166062056902
0.19881210602033
0.207273762558088
0.208557805084059
0.208322565592288
0.207856873218798
0.199505204157105
0.198207501452939
0.197996485602327
0.198537862397688
0.192469665246764
0.195997623354993
0.216695034743214
0.21794388653048
0.234891205965474
0.262951333778212
0.276850724493609
0.273432026796948
0.269165015462172
0.265260098015335
0.265865920688861
0.284444906632351
0.277110750665125
0.283007160327353
0.28818231128642
0.291789137709155
0.291922370966207
0.283225194204562
0.286966685162504
0.280940419980122
0.271346044902183
0.285532191533257
0.291013376313376
0.28941052966374
0.289218617980686
0.290891565289655
0.282702931807604
0.286751106339824
0.298981547194967
0.308580989880435
0.315263419130039
0.311415237693575
0.299571826985424
0.299443409719901
0.299386246735847
0.294293465267947
0.295492472336327
0.285275160260173
0.280677625342476
0.282895803794397
0.289526076326985
0.291544562181723
0.307343322299596
0.307855103736221
0.304929780922473
0.302828801528341
0.300097093980287
0.273638417122406
0.276891687103043
0.28979522871551
0.290448602653259
0.288911433509888
0.281182800615289
0.26697587158531
0.274099185884333
0.275872924385319
0.282817155768544
0.281486757908969
0.283642757983647
0.282203604024547
0.280849870662405
0.281652532789463
0.277411405972146
0.274416965499419
0.28257651207771
0.284580224879693
0.282571795020447
0.286852870286929
0.275441990465069
0.272722475238312
0.272871451197443
0.274095335968962
0.287264236280638
0.285694315382844
0.282305347794202
0.281889851708413
0.286158730289718
0.290055910735902
0.288237400996281
0.2895912203854
0.304564892006522
0.307120723723305
0.307657929263098
0.302157581604333
0.29809145580937
0.300083236875804
0.298872480102192
0.296188662742922
0.298157979907045
0.297454898947114
0.299583445700357
0.286624645254675
0.277157061547812
0.289634961830122
0.283437318050857
0.274685774275568
0.272872710721814
0.282748210622537
0.275368438539449
0.276035763565323
0.292744541572886
0.289116960227032
0.294666422439324
0.293216052187166
0.290434994905294
0.295309701476788
0.303239418841097
0.296120367763369
0.291725179368866
0.290319183795576
0.28696570770896
0.286807919357151
0.298150003945071
0.294404169243772
0.300654256632849
0.307297966373754
0.314758055671386
0.32376497234816
0.332631186266053
0.348549463350059
0.366665581332861
0.368439882844912
0.367302576282865
0.363649823904818
0.366064960628617
0.365060120837428
0.362287555334685
0.365056932207593
0.364978687055294
0.366604042728242
0.367030039972527
0.374794606004964
0.374825673732598
0.371620978996385
0.368928160751634
0.377590027462977
0.379671099288271
0.368563544187907
0.365213381083112
0.363670406372369
0.37394416464575
0.36610787745669
0.37309794304256
0.38185812554811
0.395139252466714
0.405740875108954
0.404802928842406
0.407630655447512
0.402090367550888
0.421751871628897
0.422669815241719
0.428915386500761
0.431039995609271
0.434574320916719
0.431001190369482
0.411386971831996
0.417433364353271
0.421658507425808
0.424709995951143
0.423789545057038
0.413758471410164
0.413582864960187
0.401309145912447
0.397326986409619
0.397756018202406
0.410028447586225
0.436271244832079
0.437401365798525
0.450668123641341
0.456017533340763
0.467469159994923
0.467390276496732
0.456332197692944
0.460984847793223
0.464909580868164
0.457163410691818
0.445134270990776
0.447269108738525
0.448475677541387
0.448201964651269
0.455894023302814
0.469306478742105
0.468345726727485
0.471444380265658
0.495531876594132
0.490145512979345
0.484415894518775
0.472245564014205
0.465564276796935
0.456645111868677
0.448392023075274
0.437598130517288
0.431350275657209
0.431255028620584
0.431537710835071
0.408977499578501
0.395877157097169
0.386722293924613
0.386577476845144
0.415868859727307
0.428442199950768
0.428643202092221
0.427116090679863
0.437424324528848
0.450321769190815
0.458783403920281
0.459266689703132
0.468748821047635
0.470743803269481
0.471698491299217
0.472970264761329
0.489350479465705
0.474713597340857
0.464491530115277
0.467682183836082
0.473944613747476
0.469176292248549
0.465796596020049
0.48421504698262
0.484961308027545
0.489065820513634
0.496530855184819
0.497579391172853
0.496188793319235
0.503416905121598
0.513806099142281
0.516438499951324
0.52195964782369
0.522997632808172
0.530481194177465
0.531104742596018
0.536998305974319
0.540733682496355
0.534008133990987
0.540236698361331
0.540058464719429
0.53858652483987
0.541898580698797
0.541896549617864
0.538478597982115
0.507539734449136
0.501628171655381
0.514975187823756
0.537260702975599
0.556427275353736
0.55491945393973
0.562586728390615
0.556212359535403
0.561752568592174
0.565077429309865
0.554494235114847
0.567454617373536
0.569821811754181
0.558374422933664
0.556443238809173
0.549978035553661
0.537027745443218
0.533701759685055
0.531389409345488
0.524116382307466
0.530498271092813
0.531385016209542
0.541159935241783
0.545071015626292
0.538229270934072
0.533748389333376
0.527157493738978
0.516641563145852
0.513153672546489
0.5159457478398
0.525922954019995
0.516202427661067
0.512005570152895
0.516427045710872
0.49797462261859
0.497091632792433
0.505178541395165
0.492607504429111
0.488191152766606
0.505648812160759
0.508512512658331
0.508307149934935
0.502781484166057
0.494903032850121
0.497547230106368
0.499027394077155
0.494653136597753
0.479298917403439
0.484865795589454
0.495398268108073
0.498901604276281
0.497363045154114
0.497427148025939
0.499107457702801
0.495632182171314
0.493396536793581
0.489065337310644
0.422427251961369
0.417152953397425
0.424666834930384
0.414962833006139
0.413737693191086
0.411681913452244
0.422730485000741
0.431363480958174
0.429050319797222
0.42974766114233
0.438523917706973
0.438867605702027
0.460192136028474
0.4504385415254
0.453294477148509
0.468206359634832
0.486316981550147
0.471288919701919
0.443437186412445
0.448519923951087
0.459842497859438
0.466821893500774
0.457551475820744
0.475229437764395
0.471299910932972
0.480749091843905
0.481534252073088
0.485127815695843
0.489646430907196
0.498443752075395
0.498494792059361
0.489573716452765
0.480907503393702
0.482458394937304
0.490108855579915
0.475812884224303
0.479416410551485
0.498550574802773
0.497187230111386
0.498616982680833
0.51650493871589
0.518804679445654
0.527050920528013
0.533079811280509
0.535163170121866
0.551566384533186
0.532151986199759
0.525920828535156
0.528957424938583
0.529470350808587
0.508925049378749
0.516778179941378
0.510656670880659
0.50550957909544
0.496959368306266
0.538838203579564
0.546342336416248
0.547951397481454
0.551255851454419
0.555436810130646
0.566407847664638
0.570655951846737
0.560379556282157
0.574095316714546
0.56976592536029
0.573515252762519
0.593687494911817
0.600179542592804
0.602660562751623
0.607177779609475
0.607196029500429
0.60865215615401
0.605225853245625
0.604357720251915
0.591468071248158
0.584307045530856
0.554262527356112
0.555782578410034
0.568114025597981
0.559957048233407
0.553090925532056
0.557964121468364
0.566872692079997
0.556987790027871
0.543488741510731
0.527220581175366
0.522655149382566
0.522489390522542
0.519264614008467
0.515297675369018
0.510554429128002
0.506572207543958
0.512197602809924
0.518652422693926
0.509982320364542
0.51703212358649
0.527087112171632
0.532660149182627
0.550499948701593
0.566164751635257
0.566474741292799
0.552101652824876
0.550644872133735
0.529597908091234
0.538722726041282
0.533582539069742
0.518618471787086
0.521298165409336
0.52985525666311
0.517362139093671
0.519156808677397
0.515186975917082
0.521840676661244
0.517959153794743
0.522396858770418
0.523229050360124
0.540475257765266
0.540651708764617
0.53211081786943
0.529257447695745
0.520758774429072
0.505787603155959
0.494743644606249
0.489357622785473
0.482215793068651
0.481904158285532
0.476347766938457
0.477274916392839
0.498263937346632
0.505491171880674
0.497360464472934
0.501534066722274
0.506468487456813
0.50665321503747
0.511609040781585
0.518541673451794
0.522992261529168
0.492811215191505
0.487564210613412
0.481731619739492
0.493467305521883
0.516833263886152
0.51687474799857
0.505904147819786
0.503948368659848
0.526071309994896
0.526253931780878
0.511168028378562
0.508274288144456
0.496753573211874
0.479264486236176
0.470910703229982
0.463975526891095
0.454960572789943
0.447267092511077
0.440009787008119
0.432269144701382
0.440280484683419
0.453367937261214
0.462365081615399
0.456219907193404
0.45496566130843
0.464933602431197
0.467136113212835
0.479120390073185
0.48141897755137
0.482932516024281
0.487569915319842
0.49360448363861
0.499052587798717
0.502274485170103
0.529023978050684
0.528227431867475
0.52994108561675
0.532357166608407
0.525432324723944
0.533822760510447
0.566198725222179
0.563312772625422
0.565131837116908
0.580343525959031
0.580531195675477
0.589999259236246
0.587199938390344
0.592531851864025
0.604781812547779
0.599279311362071
0.596675938150302
0.584969319456044
0.586987182683829
0.598088218912471
0.602418941412505
0.594330080829287
0.589229755427475
0.587226351693174
0.584737269907999
0.584765833422065
0.580082838138085
0.590208212316741
0.595423080834152
0.605003374005705
0.599738015664385
0.598517074539072
0.60311313795976
0.603653164529913
0.597571044826539
0.596096688945631
0.593843782983779
0.639191659941366
0.639454660026085
0.628434781623471
0.613282084267712
0.614672756318639
0.608311447777822
0.612686655698394
0.612920306437588
0.616287399515653
0.643320558983756
0.644488939881354
0.643006473490974
0.640449919163917
0.642243304460801
0.64677044367112
0.647316837924822
0.637750053262512
0.654439000105596
0.657252181898773
0.663334357027914
0.663455353644904
0.663568282433558
0.670889389951336
0.672673955101965
0.688180227347644
0.710789349240645
0.706593803004161
0.699549765471472
0.694727231613369
0.665364859260192
0.627672521595042
0.637031152853771
0.641264260059025
0.640480980950343
0.636431323316415
0.638542569930796
0.640588435390613
0.638358011706809
0.640248393355136
0.648346511249995
0.659741301593869
0.652017299041604
0.636972970504282
0.638904693243634
0.638038539091657
0.632408995227971
0.630270827055861
0.621916058210918
0.614412098259619
0.60933691904147
0.604625308684432
0.606154197451911
0.60711412241446
0.61401758284173
0.622412842413283
0.61894158841197
0.61274081262139
0.587645135945082
0.577475518224767
0.576818756095898
0.566954910312205
0.562137700983935
0.554604973944162
0.55006185839885
0.551363909907838
0.547116826341485
0.546500418848447
0.544348812867652
0.54018507375797
0.529317444167489
0.539985670495536
0.557493411917504
0.557041822438604
0.561745842397762
0.576644011767864
0.579635821352151
0.575465539968819
0.575872110652918
0.585137991060841
0.572795023360207
0.558596181638951
0.537716628434872
0.512015046427602
0.515359589314476
0.512842656353597
0.506588297233259
0.501990475794477
0.496794347468038
0.475453216328922
0.463877055754756
0.493003860302363
0.538577869103975
0.554893059529921
0.549615004191326
0.574130063068081
0.578379031422132
0.569686115948751
0.576768635007484
0.5884290827268
0.598197920417859
0.602725609224865
0.589904646065196
0.58789312225124
0.595699810004329
0.593565073863479
0.577067314883777
0.559932400054092
0.555404656254845
0.567672409954435
0.569849133586005
0.579099004028279
0.568799700124251
0.56671005388
0.546441746131669
0.530521397985053
0.528237650531495
0.521937675331149
0.508792933120187
0.48268057820931
0.477633313145687
0.48265789185186
0.529502495008241
0.545725181196479
0.536368375924717
0.514065455395066
0.51341284757302
0.517562703640633
0.495587427465647
0.483937994699699
0.486973844055851
0.49448503521822
0.509281406599344
0.516319919629456
0.504113845026117
0.523608955426377
0.520865517087272
0.516302737754754
0.500263231204407
0.498097797306133
0.507170655313711
0.496827567739601
0.490576575196391
0.496751461098005
0.511995886327892
0.520949739839364
0.540304044019711
0.55419911381987
0.559111687504967
0.557642404319565
0.555817050113864
0.566349120118497
0.568181015797839
0.576187796398899
0.565325044674721
0.5667299373498
0.570213842791066
0.569939938847227
0.569753114627286
0.564016609419732
0.573096389169289
0.568754635621526
0.557670692642742
0.544344828441985
0.548307159611293
0.551863916956235
0.543188359635134
0.550661270818771
0.546936991676681
0.563822861434288
0.565558636648265
0.557941749870144
0.543412145170796
0.529922402881078
0.540933497956386
0.529189001450462
0.534289235714502
0.546039528621559
0.548966221213754
0.53785027192278
0.551235347495922
0.539040075347228
0.529880795359206
0.531966614528513
0.527076878570225
0.514083794570565
0.513994097076153
0.515591989359259
0.527249883793182
0.521692095642155
0.509948938394781
0.506075632746656
0.496272712895532
0.495921660487265
0.515147694841993
0.509779838882237
0.518194456123309
0.518298215031089
0.52289368571164
0.518800960025644
0.490018006945946
0.484183545507164
0.474791653061415
0.46378676336722
0.467887727424505
0.462305221116425
0.482039878724025
0.465024992300573
0.465248487662025
0.485021975472229
0.508055852200724
0.510913559476068
0.505610842796294
0.489102621920551
0.478735750903601
0.470399452800289
0.486714426777381
0.497337444327363
0.479177765240569
0.448712991496995
0.448167381018402
0.447971240163325
0.460813104312005
0.475040937450891
0.467617414001747
0.445771684714058
0.431185828395782
0.440711108749566
0.425717279199518
0.420201644967779
0.413979279287427
0.415100426550862
0.414971606072286
0.389928031738626
0.38268146752411
0.376052731450772
0.37776019328062
0.38253248400343
0.380187332470443
0.384389591523086
0.392485228372798
0.391451374687342
0.412526583197151
0.430796394961954
0.428372179180998
0.402288629229263
0.389917940053533
0.393447115298609
0.392993452551388
0.375462448386573
0.372056259244761
0.381756405951545
0.391672362838117
0.39750471083905
0.405631454289521
0.42136630162293
0.43204759447364
0.433967825497043
0.432206098704826
0.457301407999993
0.458232382600819
0.448164417192587
0.436459717719375
0.426775415183541
0.432274080153692
0.432054263435247
0.439594780026304
0.438827710047554
0.444588793321858
0.438191649349181
0.431501512322397
0.430251298537478
0.428788752150743
0.422080089809071
0.414639625038799
0.414873197565442
0.417625192559709
0.406779021817261
0.395623560009251
0.448160503859747
0.454234662188849
0.462631422994094
0.476755494211508
0.490589244949872
0.489465632591361
0.481505930778582
0.486283567565847
0.483928363815242
0.482902046019961
0.501933581572661
0.487435144788866
0.48741478825229
0.468728557510243
0.475130884522573
0.477826805119359
0.4756312827617
0.478031752084086
0.489480261841955
0.481924629539041
0.483982362910003
0.479979434509118
0.454834245008852
0.455724966202005
0.454690564935753
0.454107720285725
0.43721846690688
0.441150545429414
0.453685502833805
0.456404805636392
0.45553257621971
0.464895291563991
0.457772061871038
0.448831242602923
0.446397740862312
0.436944633738674
0.455938824581734
0.456194903705748
0.446892573732402
0.460728514927706
0.484992363526397
0.476067767801091
0.494069332829201
0.495650045981966
0.497345271747461
0.505835719246879
0.506120142968266
0.50918005121767
0.518766743507922
0.530687850274607
0.520117132099971
0.51448016263427
0.532527258072629
0.539197531310761
0.540209959631102
0.536217371389631
0.533787920512887
0.539629715604896
0.530461263048282
0.544525824845959
0.555314330758799
0.540163368746877
0.538834341247503
0.54010064536308
0.531353467067274
0.526723252859192
0.526263975100347
0.531622278380746
0.531489055630389
0.533687752907965
0.528952535233325
0.531297915996578
0.507066428165666
0.518486067406149
0.526080827406417
0.514883632358719
0.509708720050833
0.520214427202281
0.51772199935155
0.527013293811131
0.536363234479375
0.540597806880984
0.537997476523828
0.540197292145257
0.530387471238056
0.527787832625247
0.517955038960961
0.526950518078255
0.497157771049572
0.513225892736351
0.514014397780248
0.519991242588326
0.52357476393812
0.52061260797794
0.519185735310216
0.525542973826641
0.519031499923188
0.519534932137296
0.514081628677591
0.514994476833839
0.508675365285274
0.505069854227823
0.503128763678626
0.50436759980096
0.513425094432427
0.513045532759342
0.505701616334786
0.522731114357218
0.531774372413528
0.530788240823513
0.530102800311879
0.535173197991852
0.535813567974872
0.512146458440995
0.502753308887447
0.509054385465764
0.518097862195716
0.513187827722113
0.506939375161289
0.50539909903034
0.508567381093867
0.498894523973757
0.492621916711054
0.490755211807826
0.490397047808717
0.498388460903665
0.497697695228874
0.497297409554206
0.496746276931835
0.505236570232912
0.489008077857831
0.542160140124514
0.590787508489885
0.550839886654361
0.548283591913762
0.552695816940301
0.558934274590673
0.557220642705289
0.554597203675793
0.55742376391248
0.551322057848055
0.553704869380718
0.559057826429216
0.566131671496171
0.572674871815001
0.571468171266163
0.555480414521631
0.553574491468761
0.567600860033331
0.568218618551737
0.55852059525257
0.564691061823703
0.550301486371695
0.543949285051617
0.538826835623976
0.540001125067259
0.53176704288847
0.52163914327176
0.511718682875841
0.491904874635308
0.487390378757253
0.49619084812826
0.495846462263165
0.512258570972349
0.523481781274754
0.515096149496548
0.54036260433755
0.535625528146083
0.525815443978744
0.516350302764267
0.524415856435459
0.523320972572482
0.521396547224617
0.518045092373017
0.508040090383095
0.505700462523973
0.549364203174338
0.548609899844324
0.553826708581972
0.534012796774237
0.513718215953387
0.523051841975755
0.518883198608939
0.525831959718199
0.538589925027896
0.542926930152943
0.539226823144508
0.548066113046457
0.533849311507797
0.533650851289313
0.526879884015904
0.528227559023362
0.51983676495931
0.512738807186553
0.533669651671937
0.548833898819769
0.552508114213474
0.573363159019398
0.590376200244468
0.587471959111623
0.57608877975876
0.579070072682122
0.579757497656688
0.567205696011959
0.55961170639647
0.546958997587132
0.564723285546704
0.554106119640418
0.538188169169308
0.556521328941051
0.547010780415477
0.541852940399627
0.548617419135607
0.547442319317641
0.55472091375817
0.549871316064615
0.557628388417466
0.554621011113148
0.569568799404329
0.573182790125799
0.58088151380439
0.582491201150276
0.581737327433823
0.57162060442284
0.570997967851806
0.565200010733188
0.589893020470679
0.585702344872395
0.583232090777673
0.565726847104532
0.557908357965938
0.564236109545114
0.56188864253712
0.57146683854432
0.580648847065858
0.590038186538518
0.584840045727352
0.596638977062166
0.614818934864405
0.623300340095169
0.630741352461604
0.627543630782348
0.624088153739886
0.629563227903768
0.645169640448816
0.647612696271283
0.642807716328549
0.638425883148241
0.638418241334973
0.639239989203098
0.630415604524132
0.627990950024338
0.622499936284564
0.621558054315903
0.622744095172195
0.591562817406346
0.571155478054081
0.572143200923956
0.563698691692313
0.551209950485438
0.545684335147876
0.534290960811143
0.52311302733513
0.507517364414456
0.505478662620736
0.497134313569975
0.490718740405353
0.47514137586214
0.458205595331852
0.452939387087688
0.453399510563644
0.434330895540598
0.434168728505258
0.444766714391979
0.452772303727582
0.451626988038532
0.465997062381809
0.456839578511657
0.455189112603139
0.457542195234916
0.450496964544271
0.443684540364174
0.447848297566041
0.447281099050275
0.447983752477468
0.44284246272367
0.440177804547799
0.429211207148329
0.426506945806238
0.430284625925297
0.424322086531432
0.456971964229009
0.499283547288383
0.507591899178999
0.504669516364494
0.523479398391525
0.531537568585313
0.531681277193728
0.54131018955735
0.519117709169095
0.501683652262799
0.502450355896509
0.511279830370376
0.515084032670151
0.514786175476592
0.512846152838664
0.501923248564191
0.505499457927866
0.497947328127613
0.487916736981819
0.480565745843691
0.479971863054149
0.490964176683873
0.484038617377598
0.472302095395072
0.483305846328539
0.488310467387323
0.482802196424248
0.489069424884687
0.483906047865698
0.479831943657112
0.495836167849046
0.505036291197225
0.519900110099201
0.5310594946049
0.528746404109192
0.539146689868992
0.561569715062724
0.566206339482372
0.559982253655178
0.555047106484154
0.560240800561927
0.548659202593955
0.545672825283986
0.552738332048875
0.547290670609568
0.543588749425208
0.531293371240861
0.528801199869915
0.529181527557318
0.515684919899692
0.508206864319977
0.500082646088509
0.498768998692523
0.487631014008038
0.470595138295993
0.476107780096689
0.488635092835444
0.490849434970698
0.499898065947148
0.506874182991292
0.509126948166853
0.497476432781679
0.524932042935375
0.53151685645622
0.538026438164242
0.539147870865581
0.541560040718957
0.532466811101546
0.513420691442733
0.531545522838902
0.538482766900814
0.542682705986238
0.537660842889748
0.533716427130794
0.521655699737869
0.523855875028568
0.506976851993487
0.509226222115496
0.519011058216981
0.523289066681975
0.515522832797634
0.504452672629278
0.508677022042951
0.508883254698661
0.496190217255271
0.49455314108843
0.502472967166134
0.509498204763161
0.490105207865376
0.480488010094743
0.488610018680226
0.489159583881123
0.487395034009145
0.482680152242478
0.529370765100239
0.539241071712282
0.531396056441405
0.529070261912136
0.52540110490745
0.522292716909282
0.514169899732212
0.507158712726185
0.494743461407204
0.497524361326885
0.497107808180295
0.503173895010342
0.505079142293694
0.515165574066135
0.500520209697925
0.493400308578371
0.477027632489432
0.477168358317689
0.489918103156686
0.490106006149669
0.489039957895241
0.496845256911449
0.488513984313237
0.484885021245038
0.49066904975481
0.485664085674511
0.507343517313697
0.505504299393557
0.496174219122271
0.493749055907129
0.481349149222943
0.479271695704934
0.460898758361664
0.46787109475334
0.477570256783373
0.488164552239693
0.51680233650256
0.501732756720669
0.490697306994266
0.480397706922009
0.476880445749961
0.492914443024709
0.501144745131437
0.507710832058252
0.491183888453276
0.495492028159993
0.491542289370848
0.489223327250056
0.492190941044092
0.498684064574153
0.492578209787288
0.494743597411541
0.492883230993761
0.524397361537632
0.519046565573456
0.512435621818221
0.508331363873819
0.512291794378502
0.523233175583353
0.529465832951374
0.53850128143312
0.546800860079767
0.562607595168159
0.56597052439833
0.581217233040992
0.570426384229847
0.563213616161276
0.56923685278151
0.580074237574102
0.584377297604477
0.597903759110643
0.598942877723279
0.584657097798217
0.573973055234453
0.555555036337917
0.536671515813499
0.530120156523205
0.521575511790773
0.523664313844725
0.503670499512198
0.493666466160828
0.502417983362439
0.506926653978733
0.505277997424559
0.515606311044292
0.53809206513249
0.539973826488125
0.532285227830249
0.540151755808746
0.539251489582474
0.528769391361866
0.550404322797129
0.549234676555753
0.542197348977167
0.540992670398034
0.534425622241325
0.542612428591887
0.543554633973497
0.56357003929903
0.580709934129928
0.582243700000038
0.587321975509094
0.587618979949408
0.580743099535201
0.573139926845718
0.57110875360555
0.571447709776056
0.572907237181117
0.572690309734685
0.563088199779228
0.561062595741271
0.558601030531862
0.542347806904015
0.510125888096222
0.508713872791724
0.516143678306
0.513018801046125
0.524000039929753
0.520775950271904
0.527374718767015
0.541997240680816
0.557286679295035
0.558514866774628
0.546394525314111
0.553325420222851
0.563468980520585
0.563236814105606
0.576699645894279
0.576652636654602
0.585210633551071
0.604361842746878
0.621051830203626
0.619622299071396
0.630595678903198
0.631978374463844
0.62229200172787
0.612752029887959
0.613052826074887
0.615870880816583
0.6125570004392
0.610827368193866
0.60562643307103
0.612021548344257
0.596261351611904
0.59392759749173
0.599066574744279
0.583992411288159
0.568839189838171
0.558654706179174
0.564515332399398
0.55750990401813
0.564202874489913
0.55788533718743
0.55793928945366
0.549908921150371
0.529558561928572
0.532267307998822
0.529405703494079
0.534210808138267
0.53584149873811
0.525711903696929
0.536766332144736
0.569369344289537
0.570541209709316
0.580627383245771
0.580764531779208
0.590272093435143
0.597266990242464
0.608022037176219
0.608161495622845
0.609670787051222
0.602128999054457
0.608728928376368
0.621908212070607
0.616404271472036
0.605311861224496
0.60547202943818
0.600375000508951
0.596986222451567
0.603971369746079
0.604186698834913
0.614590541703104
0.612852390309651
0.603507233019176
0.597229306504945
0.596430240122077
0.609186263928513
0.621583855385968
0.644548291224969
0.672475735828491
0.685680483043925
0.697252070936497
0.687556566716584
0.681627886088147
0.700207280941884
0.736307745542781
0.741283723093905
0.74178850900744
0.724734659151366
0.714427816671418
0.708674695789002
0.699032511573106
0.714083017009874
0.714415048503415
0.727352087971107
0.744480869091356
0.746991430844871
0.746980131298691
0.746043859651104
0.75037460880898
0.738280234313868
0.713364667214875
0.714060271752888
0.704884221954059
0.709524354304648
0.688135844717495
0.694326084958899
0.70614106605978
0.698324656606576
0.7087880374598
0.713760259378245
0.713386224635912
0.714296806180262
0.704593859806917
0.702695704820246
0.699135145738838
0.705219314291417
0.70666278811756
0.706074801832177
0.703035254506794
0.697159612695043
0.693679431450838
0.684951348926919
0.681439899858555
0.650187460742244
0.656917595676357
0.664706002317009
0.680425190609697
0.683032225831274
0.679851346709251
0.688933164867138
0.674045059993893
0.667534522985915
0.653656431342103
0.645774030849966
0.642758174626204
0.627998586065271
0.688185692904512
0.686771755153274
0.696721406626557
0.687784421457435
0.677745233367102
0.66573516702833
0.663840870930313
0.669772839490836
0.669380494749323
0.650609202774947
0.645053353309485
0.641982966199713
0.6122874242122
0.611885545442885
0.614247209933687
0.60427277118048
0.59837366636495
0.592709337093733
0.588665833993359
0.595600025266948
0.597927494122133
0.596477841037525
0.585843028911195
0.592947922795334
0.606676843267532
0.606642911582668
0.602301923783442
0.587338275024472
0.587132971241757
0.582615184660582
0.614327010548524
0.622858140949703
0.620181322786326
0.632660277075066
0.639663144942837
0.632387773877622
0.620310348389319
0.62219990299027
0.621956627187711
0.613208865477017
0.609966330604734
0.600844186727863
0.607745317792769
0.598573124561376
0.58842922223733
0.59826669501799
0.604256295272028
0.605026904555716
0.606428469450649
0.625704118874169
0.636026962295613
0.618756221104418
0.590824628525308
0.57958789542678
0.589764388060011
0.58887377724828
0.588519209467124
0.59286232593065
0.576547751955323
0.578574728572442
0.578007403713351
0.573276892597272
0.580832534153182
0.568492320458122
0.559676200373459
0.553434588271828
0.55494733580718
0.558153417415567
0.56401828927377
0.55564304114819
0.566009434936781
0.590421635539246
0.587108410515215
0.590661761006121
0.586867039232076
0.588104789829039
0.582336889334451
0.579278422909088
0.583065808536568
0.585247647003338
0.633562824091929
0.640588252444476
0.643251439666425
0.625528590187003
0.618034671200272
0.613297070048731
0.623900221647226
0.639443092714105
0.639072956093374
0.663187104759629
0.663826219540083
0.669334282771276
0.680025425911416
0.671074514530271
0.661250112037208
0.688526791322539
0.689260312004061
0.671884598324984
0.665449312128712
0.661876764753213
0.666800292900004
0.671516961048315
0.672814096127109
0.696847629349896
0.70626938710251
0.705007191739307
0.712905711319451
0.719916661124766
0.712670574329879
0.700777265509626
0.70169175626278
0.716108541679496
0.708902330431681
0.705326357116266
0.703841887137254
0.703610738229491
0.723247262482163
0.718761733333152
0.712874390146865
0.727666816911505
0.735529817011213
0.732887115277148
0.711556387095226
0.69982956583507
0.696118293036187
0.689444616376059
0.681823785702465
0.679781024735537
0.674645936138945
0.69850144721346
0.697709375123096
0.689623065135353
0.691786114903137
0.692914783145531
0.690368208174467
0.696903965856277
0.687936701046952
0.711621039551548
0.708865675768102
0.706338762244722
0.708685146867018
0.698651010799596
0.693696980913819
0.675785373857424
0.668445492764783
0.652284076227931
0.663472512075246
0.665923724785384
0.663654898801512
0.657209878624307
0.649834595545821
0.643696757849428
0.662737364266133
0.695768242784643
0.676644677155794
0.68124140369446
0.70282168392236
0.703389207457207
0.696922461302391
0.696284345490031
0.691948368661426
0.687760085326747
0.68662460859636
0.688985169975442
0.719313772948588
0.74080526757534
0.729248481183173
0.732285356876798
0.731658149634353
0.736601813165713
0.730389016995881
0.712964700811138
0.697225587768645
0.696632163628693
0.698452832693978
0.704104644284741
0.713591689256364
0.713162530811539
0.699351444119896
0.696421430552621
0.695368900573589
0.688624641196607
0.684187744607364
0.701788442943793
0.704338027787366
0.712124260368885
0.69410840777105
0.689189382337143
0.689418455995476
0.696651863773248
0.695999774794814
0.706463928031398
0.699011291799699
0.688815979603168
0.686872262796972
0.691554601022355
0.696325064236069
0.675932880885958
0.660907002336498
0.654121314356822
0.657742138957694
0.645954542842143
0.645541178714733
0.657076023424178
0.669700500747039
0.674665807149342
0.672841993547537
0.687072361363478
0.689111482334854
0.683985325469835
0.680141499964479
0.68015174372272
0.716396079553848
0.719594683954894
0.714288440466475
0.708270577541176
0.704830682214304
0.709084967399374
0.72661147726563
0.718755308871633
0.717915708517522
0.713181399408776
0.721535153889515
0.722696725870844
0.721525028760003
0.721982477111176
0.727464311287877
0.729400011510468
0.730518415337969
0.724540814619489
0.723026599778663
0.723720316763082
0.719958698884555
0.715117065480076
0.725484499302045
0.743252340061754
0.751640683840337
0.763837219241521
0.756382264678316
0.757165467373833
0.735526842973257
0.739318323120613
0.735433898985289
0.731638024487127
0.748321355428941
0.742803294679707
0.736718089593333
0.726125670071584
0.729996873350105
0.731342741147455
0.729752903465877
0.72719736380827
0.74279862818606
0.746797918090764
0.746264500195045
0.748339038821746
0.723966931878334
0.707178177296397
0.712702231206021
0.721182802676724
0.721856221371451
0.726176243634612
0.737889174085704
0.734283313705588
0.738200983255693
0.736252508392543
0.72242157016464
0.712094510358368
0.715554898741347
0.705960968255777
0.704524411526773
0.713333984988686
0.727585904663205
0.72718310972685
0.707452361404183
0.698667338954104
0.687130972955378
0.6885950075944
0.68776526184669
0.682766533482448
0.681713979270296
0.643703255381885
0.563732693733761
0.559056402998603
0.55384977712997
0.555681123729975
0.552458096895935
0.555568335928958
0.562967655500101
0.556871958854627
0.559909847610673
0.55755939669101
0.5650339449496
0.56360361299599
0.555072478158378
0.561122914290127
0.556471208543604
0.556032859534598
0.549736882734284
0.547695054610127
0.550729128338476
0.544079411683754
0.51961807230398
0.515612468936109
0.512506525926345
0.560319204219717
0.570488847094305
0.574822233003379
0.578559209609295
0.5735107730935
0.554244538952765
0.543007284717797
0.527659432358103
0.509749399850121
0.510435360222274
0.538715047031992
0.538703014612492
0.529418089841711
0.516235529085717
0.517169572287005
0.520846017770697
0.521461847044714
0.55028578259081
0.555661577436735
0.534408302725957
0.517497288000929
0.507419358818579
0.505983223470078
0.506547964346073
0.508064615660369
0.514944374793118
0.508028763060153
0.510022182694069
0.520021438980973
0.523271338334389
0.512223904920595
0.497538234527359
0.496831714194213
0.509863142873919
0.516467289496208
0.521173578971867
0.539134776554084
0.538802379233318
0.536507835486179
0.541914293139542
0.553193536170758
0.541807478130721
0.545640891543524
0.569010657266844
0.565008558641695
0.563376333236939
0.536601078822463
0.535923165167619
0.530319925310881
0.530526115524058
0.530085040529832
0.523843948740501
0.530539713396981
0.541658262441701
0.542460486336987
0.562268365066966
0.579128913657031
0.589113447403741
0.589385942168212
0.594113470977897
0.589720281272446
0.598805373740502
0.595196143974612
0.587765773133658
0.580912563470304
0.59732894785712
0.599235385186055
0.591640314960136
0.580462483945311
0.591254860784176
0.613801228016815
0.594720340949914
0.576915867633252
0.578079511923706
0.57744402884797
0.574775127041065
0.572341394231432
0.56757856854125
0.57924874699732
0.572494135663747
0.578627396628245
0.577622194727406
0.584038793672145
0.603181733306916
0.607961366978945
0.618474615851424
0.628606273516206
0.638850122973293
0.639946410413399
0.636249819478422
0.637136324786339
0.63654719959719
0.623371378912884
0.602044148369516
0.634217846813997
0.640871471137647
0.644165903489474
0.654408511813824
0.657245797977553
0.645579490140322
0.628077687607154
0.628821522992795
0.652000368278115
0.652192034284646
0.645092317953497
0.642976299004221
0.644640491590302
0.636692373497769
0.625750387459374
0.634494557263443
0.617067524253885
0.618878500118604
0.622956578070044
0.617615748427107
0.616065071977094
0.630998731227264
0.62995461588374
0.629853877970767
0.628217947343328
0.633793516676834
0.63703269536317
0.641559176277871
0.647241784978509
0.641875288357143
0.628958403256667
0.630436416146061
0.630311101045168
0.621135326009889
0.626253301815719
0.633677506570956
0.628576595675895
0.625305263508164
0.614441922211994
0.631467337147651
0.635827469444654
0.641835376623868
0.638815387762583
0.63654368843006
0.632757073629433
0.629887043537054
0.621114686397483
0.622432222619916
0.616799828513038
0.615868435979239
0.627829428460771
0.647725697982813
0.66202478627019
0.680717135937773
0.694439529623101
0.68323444556655
0.679141803351352
0.681269886116465
0.675723995038724
0.691102121879271
0.692939328962815
0.686746211109311
0.695289328859278
0.712959124366972
0.715488984050171
0.724387114371197
0.716417085078835
0.716683341755146
0.714098858266611
0.712350175231979
0.720444635864483
0.713210753853527
0.699229199914123
0.704591567838153
0.719262520143139
0.733406251115129
0.726181260879979
0.719461834566225
0.720935243829421
0.723320188549702
0.716603637485399
0.711353849817331
0.703581585148876
0.694597983627079
0.694694973557154
0.694151445716995
0.698980191696906
0.688711919039301
0.698878152533445
0.70585430413065
0.715153992044058
0.70385767051281
0.712385365178725
0.714783049301375
0.729843198889046
0.743803082177032
0.749235783044754
0.746356549418009
0.749469115204028
0.765537176028591
0.770851290048195
0.764757460755833
0.762597092192426
0.740448913610386
0.699162193895142
0.687656945134357
0.692159734860942
0.698434117264001
0.696942655755569
0.691388894118487
0.701043967747026
0.732716759975648
0.7668989242641
0.763160470306119
0.766520875670353
0.764633025999994
0.735715292383518
0.720822741763783
0.733434214564056
0.748032811172728
0.73630859000593
0.72567392478398
0.743081946155678
0.758640732811637
0.746924961250908
0.737340936207703
0.729301890062989
0.73618506052178
0.739643521034266
0.740166741938645
0.748554173472598
0.726561426243485
0.728444292679602
0.730842712146122
0.74839367933042
0.753168220949822
0.754500569392165
0.757680699026775
0.765067249952915
0.748930103136602
0.741717831510358
0.737060891557657
0.730247880524444
0.725010746183648
0.729183226457292
0.736214456071577
0.71978572050426
0.697095491861606
0.694780792631412
0.701481582431603
0.706940533281373
0.698603287030836
0.706935151563647
0.713236540661217
0.703367057590076
0.699573902951336
0.697135231521808
0.700777313599239
0.705820999743236
0.704535020414928
0.693518909756568
0.692046981496799
0.707296488216897
0.68770662078123
0.696720929199716
0.697025943360293
0.697245818704876
0.684336344327156
0.674063463131494
0.675551569216325
0.700931701266873
0.695323966761586
0.680243385358323
0.678930694522379
0.680705461636708
0.701181564933208
0.706959128596412
0.692724014626143
0.694958152638651
0.683736370918817
0.665558342764057
0.65715253962626
0.66493430752594
0.670943083350452
0.654596013461095
0.650948246934804
0.66786109547402
0.668720919735356
0.671660750314435
0.657070866671877
0.650687019829882
0.649757209664289
0.653481662822796
0.649275220294778
0.651203762805683
0.645241894152242
0.640524404892213
0.644370914377583
0.649908771855957
0.659853679333735
0.659714392993213
0.653727938816458
0.645197894973566
0.648924808870136
0.64259452385772
0.645337970961866
0.639870106891239
0.652350940565899
0.649091067565807
0.652596960176808
0.652728346559112
0.659524099301835
0.660827539133014
0.677775523041922
0.680415264883503
0.676598397291783
0.675004133880684
0.668831534255647
0.669026728598154
0.671117426998769
0.670084713524676
0.661786441684415
0.661284519068243
0.676521201297815
0.687503123414424
0.699040802230516
0.707408019193328
0.703662075954557
0.706010891203004
0.705354823670438
0.697877688926989
0.689666233908914
0.690734089082367
0.69072936890709
0.690541899227606
0.699933558116923
0.690206667575359
0.677259139556181
0.678465265283591
0.676809442558948
0.670018895240221
0.650612711301249
0.64425867749736
0.645568715693334
0.649239894038364
0.654397155958144
0.646241004229838
0.655767656259983
0.665801133882812
0.670174472032563
0.688739099085215
0.711256259059522
0.714461672475265
0.713288366728709
0.715577166726623
0.722286418651941
0.735591871650931
0.723676951744207
0.72025894166639
0.735312408490891
0.740413182291786
0.721502117736486
0.718303653676096
0.724735402520888
0.728679219034017
0.737732517155127
0.737005392214131
0.737805969641312
0.735950420851013
0.730262194604471
0.727704473715806
0.718239055086109
0.728101786157173
0.738876975616203
0.738944541867967
0.743716784315554
0.744389149580131
0.740920989594618
0.735492106112658
0.72294635462441
0.733172573636871
0.729854720509018
0.699616699648232
0.702390546005916
0.714912754647801
0.721763762172026
0.714188267854966
0.691898763909601
0.690082997055456
0.689614181653115
0.686758716614867
0.684546167045568
0.683368512444135
0.670988016669811
0.675064962959405
0.673271491895454
0.673523630641687
0.676463913677586
0.678954554743109
0.704264451539826
0.719160908373962
0.719564258456438
0.712147272512153
0.725756706645008
0.738588639706765
0.738576009815436
0.763353710114407
0.77116144808756
0.775421279513353
0.781981430881437
0.789635967689142
0.792612562522097
0.805216430148608
0.804721303185925
0.81008378587124
0.81168127313285
0.830267968382703
0.837740397915231
0.837187219072833
0.83081612509725
0.825353769295011
0.812791012307295
0.815050946855295
0.821031604789152
0.830941821590484
0.834454099199481
0.821677949564468
0.821128142347671
0.834396562632796
0.840211549340305
0.826031351991882
0.818569751413717
0.827885285779006
0.823116847960406
0.822592487886891
0.825005663237659
0.827579727697174
0.829794756677307
0.829416579631917
0.83665882744875
0.840224868946173
0.848623424362841
0.845167773880816
0.826830870029843
0.817238912273095
0.828512453450576
0.819903195554342
0.808496927595801
0.794593899383398
0.781604733593326
0.787337189444249
0.78015394271046
0.792296714650923
0.782083034997397
0.781354955633978
0.779918066178761
0.778005320147307
0.784124064557767
0.789147264074018
0.795450318768976
0.786354796022964
0.764591814920565
0.768128706237563
0.781024591589636
0.781001376226339
0.792271620721924
0.799321326727852
0.797817600889
0.786663898183886
0.787417280928081
0.790968893599716
0.810088384678532
0.79665013590109
0.795902350665517
0.796663645330601
0.790193427170058
0.780011610354248
0.77487763793199
0.779748873341876
0.793701123884063
0.793540736101895
0.785727785288245
0.81321396931919
0.820179881009608
0.829173074490106
0.823660384545647
0.809583055933517
0.821077984416635
0.83246757466482
0.826688640890038
0.842343706872525
0.858544472662423
0.86384283793935
0.860360270155909
0.89779651748268
0.901658140785538
0.897795484289664
0.893584072147316
0.885266388720172
0.881105555809007
0.884468995546872
0.895556070477675
0.865906496112129
0.869062732778562
0.847041827087033
0.841617580227456
0.841918173967044
0.833570380592303
0.831805201998221
0.821172279583404
0.807592466114296
0.808248793795771
0.827393144864045
0.844574150342939
0.853894621805933
0.856008672006782
0.855463804319624
0.839809015204374
0.835920858466321
0.828915147159947
0.821744814922226
0.823286819235238
0.820926757611833
0.801755599462523
0.793780549055015
0.793677847323465
0.804332461371224
0.786347796436735
0.796007160616065
0.790371578973839
0.800715236810975
0.795351571460788
0.795914315853495
0.796169131008408
0.794885153481665
0.79880198554072
0.791961985713976
0.757430991079028
0.761307623726598
0.754791218938306
0.762510303205758
0.76889566402746
0.770559342702588
0.753402921874038
0.756892007881297
0.74729122278544
0.714459659999731
0.714955127598321
0.715137836169778
0.714586857893929
0.715262207164598
0.71695024473324
0.73172333428254
0.741233799506445
0.741572678673834
0.737699728688173
0.754870756219278
0.74783675221543
0.757114646693426
0.749788140759167
0.742295955414169
0.731188455369695
0.733580580113934
0.752397486128618
0.756677904810019
0.759844432278987
0.759670681203989
0.756366040352944
0.739485395438424
0.732170196251709
0.739567535374134
0.744590705979919
0.72946721446392
0.724806486064977
0.746259177190652
0.742222213005553
0.737722500480884
0.730243988210235
0.739248076218892
0.731935282296897
0.721431013830936
0.726215676041545
0.717695325671812
0.693298754935737
0.683365075569308
0.687523887797036
0.689623903613187
0.694268205545069
0.69704487523935
0.710361867093436
0.705853086116968
0.709944614306949
0.719465887360964
0.708758617871575
0.707104989919534
0.699785666034389
0.682588414852151
0.687087327651175
0.67991631956343
0.671473018730402
0.674316278447253
0.674483414660683
0.675571504458375
0.689686514224507
0.683705012646518
0.686914645232986
0.687241412580543
0.690913713260532
0.687718047766774
0.693363228601297
0.68126555109785
0.639105042261193
0.637736341793443
0.639502929701681
0.639880274759503
0.629782003774421
0.622588654119488
0.624499930492826
0.624281871590309
0.619441735959613
0.620515079434525
0.612900847512015
0.606597123306478
0.609593850466586
0.607870288243889
0.620066746545365
0.628812137560487
0.628016950195157
0.60013633446483
0.613288277356153
0.625953655596618
0.630108461185098
0.639622241607391
0.639380493671742
0.638821618484392
0.633133477352075
0.631293560292777
0.637320293546071
0.635055540884719
0.636926477573882
0.63853666939368
0.647867810980296
0.638861848241716
0.625158071186947
0.620515665571689
0.600852498854607
0.607543083646947
0.623963724146576
0.622071137164609
0.623048707085639
0.628228175465995
0.634949033621502
0.636684614280898
0.638465076437998
0.640023681961461
0.638030225176489
0.639052940230073
0.640912704253167
0.642943576658485
0.635936369437511
0.637607215584081
0.641895550401941
0.637690434867224
0.650202392917353
0.656156103687416
0.670199794549806
0.660302260243235
0.655891534562112
0.672340988573189
0.664237882303323
0.680381769283478
0.685035938723589
0.677568967800901
0.680370071514417
0.690822423703341
0.687048536420422
0.679221234371206
0.678708831754652
0.690817791200423
0.706918133783527
0.721816984471295
0.712578599226239
0.710145857263395
0.716630796391215
0.7228198952524
0.719492534287411
0.705581706092264
0.692056436048736
0.676809817548413
0.682000994905378
0.668965159846826
0.671202503133896
0.682301635183222
0.700792439018573
0.697642146355953
0.673169069451405
0.66549354172573
0.663478858866926
0.667765726634262
0.660619353842248
0.657984536184963
0.648860332065781
0.664107069023045
0.673442857640381
0.673399789700581
0.682471880692533
0.675062671131877
0.671155677590792
0.666354614495371
0.662055357002421
0.668543418824767
0.664790647342289
0.656431045096276
0.663297695637011
0.666478935160371
0.665578379571696
0.662976823600452
0.658577074397186
0.657824224775767
0.664732990501614
0.667835967514843
0.67072514854572
0.671225966428608
0.665884918954306
0.658118475112333
0.656180603173419
0.660912788071527
0.688067924652836
0.704112728412089
0.704915847343609
0.70914269977114
0.69056667490643
0.688280618248278
0.689043315189452
0.679635660556798
0.683030987839172
0.696846585105563
0.696544729143317
0.701222437053233
0.699345048835406
0.681854967090452
0.688747171574597
0.683341166176922
0.676151880639481
0.676093513421032
0.668085938780616
0.67911144081537
0.672139822612097
0.672409409625545
0.671139911765821
0.662780201726144
0.663162014583154
0.656321217716683
0.664180151940556
0.66281432425214
0.658941399030334
0.645462167435994
0.626626521372842
0.625306816569003
0.622772623050934
0.614436610123631
0.613570637613481
0.60739012857282
0.611137049139013
0.603376568342225
0.612742432490448
0.605494855854725
0.601318883062654
0.596097829829234
0.614497129654132
0.63205190085582
0.628348142730478
0.618023852794969
0.62017019881448
0.612247553645119
0.616311500536362
0.63018296049723
0.631712642871854
0.62542598381588
0.623212951008921
0.630956563278502
0.626489144686057
0.616625515485709
0.610120233073198
0.593851654120944
0.580735729740525
0.592083740611518
0.604206612234403
0.621799452415964
0.621770817171422
0.623400129466747
0.627338696071417
0.636110469500371
0.645834277628796
0.640814682703823
0.6272824254621
0.614867192849774
0.620260382996794
0.62592752706255
0.634828860334764
0.653654815726766
0.660122793115554
0.671762810917452
0.672343277681604
0.674649205790799
0.67389475916774
0.663398470759085
0.67167733172233
0.680979827290854
0.690236400858782
0.679083702981605
0.680738002448542
0.685368823371926
0.676413475871236
0.647944060361366
0.644042482589632
0.648193162271575
0.64881106128507
0.639648148742108
0.634210661484553
0.630374977734595
0.622147338763037
0.621312737152741
0.616532642189083
0.630859877625949
0.637523440225533
0.631866357785821
0.630857806641912
0.635475976080469
0.630503656366681
0.630776678628123
0.619428402996772
0.616099890201903
0.612251862300537
0.621457502343725
0.619705605288506
0.620459704931267
0.60028741070212
0.599702717494148
0.622431540237927
0.625024233397469
0.614247080831812
0.604617989599687
0.598181493825419
0.589956338736953
0.602555931184924
0.611195320168454
0.613154246144575
0.615963986868957
0.633138944977551
0.631344279765587
0.647850816250708
0.65701947375245
0.66412773688463
0.66269934668257
0.681862925347024
0.694240676210277
0.703663661837369
0.70761522507415
0.690865358321193
0.685283173102316
0.686795326372962
0.699864944637997
0.697240858259355
0.697044030795357
0.680692374474119
0.67920827566211
0.681792158734605
0.674501449708574
0.65980224264496
0.657038343632194
0.657292750700037
0.66215481938241
0.671656784190817
0.678195331107923
0.680013665319247
0.681441504382189
0.666412364712557
0.663552213583981
0.664816779861013
0.664013755894965
0.664091852078776
0.668224875404454
0.685673627236016
0.679913327182885
0.671442193064255
0.667325422576789
0.655011125201828
0.649255840250939
0.63840094903916
0.636872183884518
0.637763351512153
0.638227066015534
0.638860488790983
0.642099332267434
0.645662017382023
0.642771692834281
0.641561143467127
0.648888379233084
0.649675585445112
0.648055381605742
0.659241786019339
0.647939657649211
0.637374147524528
0.63854165341617
0.629741331664194
0.649624265887584
0.638235271788606
0.633246450326781
0.639034110891865
0.625144569938602
0.622181868995516
0.616900370917408
0.604843248689573
0.605610750446618
0.605132162271462
0.604911794039259
0.606737468114893
0.613615282605411
0.594855221110061
0.5818036868406
0.588617416772016
0.587258244650499
0.595276086063128
0.59020223448299
0.592993511563424
0.592418220165195
0.596576177341414
0.608752578226415
0.613442860967758
0.613830321733845
0.613246910428652
0.599262792270851
0.581685820750979
0.578672439587363
0.570815206334676
0.564239704583747
0.564020544886724
0.566870352962046
0.530354452047407
0.527979524746099
0.524881467741028
0.535742177038962
0.539529781590571
0.540127650541644
0.536823583878256
0.518986726151905
0.514350582775641
0.520022403711793
0.523405409169085
0.522672206542325
0.522314585633201
0.522738352578139
0.522610494846107
0.521818371084252
0.529332735785469
0.531080960547611
0.520825733388158
0.5258831920381
0.52921824052822
0.530564797483428
0.529243272936489
0.525611091161837
0.529072454732505
0.531349521112283
0.550454739701737
0.553761968813154
0.557706567786809
0.5404761079164
0.545805748957336
0.55624782043018
0.556418256869232
0.544663971134303
0.537318675069292
0.543907991136254
0.586327742939818
0.590270895623537
0.583974805811213
0.587285657657952
0.601670922987475
0.620952026769337
0.641486980584401
0.637296907239155
0.651648022309063
0.659942514433575
0.674396526692289
0.67868995550843
0.67105068401613
0.672714020265464
0.674151536801844
0.672721845307584
0.665978794866879
0.655341143575827
0.655474462993585
0.666733550012556
0.675911231904895
0.673612844373915
0.672268117797212
0.670281048694726
0.673121015130695
0.679500596401382
0.666842235211939
0.663229726042016
0.669965730406385
0.679153630633657
0.690248106980503
0.683186500112968
0.679087627157653
0.680708701524955
0.661884952586567
0.658313223859776
0.654962644413831
0.669143825445538
0.665394927500591
0.637625339068205
0.63765029661086
0.639916009109353
0.654066610362622
0.651005136260546
0.638138913024984
0.6354348098903
0.630217128633009
0.627258862448078
0.618116864109969
0.585911908351513
0.58068095111855
0.57483140070673
0.580380269143809
0.577657107853995
0.580751326393274
0.580185863635411
0.585611808096909
0.588318761016816
0.583661287299101
0.595826004293404
0.58797789766936
0.575765201307618
0.569181759924193
0.574405242941347
0.570800540137898
0.557011830359932
0.553307388708005
0.565793288258963
0.556817267366485
0.554139934073002
0.545700839810055
0.536171181610629
0.53914121488313
0.536451047875633
0.539720809652709
0.526282445831177
0.520060496736313
0.512269893556509
0.512236597116444
0.522518976195766
0.524755375660296
0.523634597980062
0.51467369127093
0.504851184326003
0.506966396547394
0.498752239400756
0.480613615772076
0.480188933421461
0.488965456813129
0.494581939366001
0.505279780127887
0.49525275065618
0.497772932915594
0.515142208371433
0.515032396310922
0.523570085733066
0.524791772987491
0.527943571353094
0.509165986264139
0.506709554091298
0.506918505398052
0.499451765269112
0.497122749526881
0.496204686258544
0.489652935832935
0.47823345750566
0.472173553494411
0.472064230995046
0.463540395465087
0.452736373337575
0.442430415250726
0.437872888308781
0.43243146621425
0.430713345712314
0.430561334463196
0.44087257502421
0.437118752181771
0.42524664976031
0.418034188470404
0.414873439867708
0.404683578327044
0.407018641901971
0.411661906028504
0.415155389616587
0.41684381929719
0.412331342475409
0.401486517807709
0.382009585967589
0.387049232579756
0.374033855774344
0.368672245328534
0.365430567155883
0.372932203364457
0.36574169638506
0.364780175059645
0.360481984689549
0.3567141879769
0.356274663760146
0.35744821866761
0.348787635465931
0.358651056351975
0.351272119072149
0.33813704167772
0.335245866701474
0.343465134771875
0.348285239133442
0.340462045968955
0.340350359755154
0.339833426454966
0.333231392418653
0.328249189661225
0.332781064056869
0.331596086685349
0.332628837243452
0.327026349984512
0.322603412700542
0.323849538222694
0.322684992931479
0.329773722636676
0.324408187348737
0.313723046575742
0.305518569632284
0.306653818087274
0.314621490540601
0.323646559635928
0.328542846848049
0.341629286015046
0.336254730572643
0.340112135864836
0.345709924776107
0.336066897656025
0.323671975002646
0.322031093063125
0.303553325460705
0.300975014144487
0.298221948866772
0.290893000732987
0.281511479388353
0.274068225519171
0.274911818075232
0.269219987968781
0.264438741446914
0.272798416647777
0.274497409632702
0.270367097911176
0.259072199518932
0.243744441582805
0.24097621002346
0.239217947978826
0.229410364160863
0.216997074366784
0.217806450611934
0.217697776927645
0.225239088250994
0.216550702380562
0.215507108876334
0.21546473068562
0.21560968500464
0.215701109034755
0.215689005872293
0.215581344138319
0.208882007455396
0.207155274029376
0.208000120415606
0.20768769351592
0.202915837648624
0.19832892009803
0.198161730160288
0.19937145421702
0.20012837352477
0.199115249162337
0.196785301930084
0.188041368202949
0.175659080919546
0.171409149959605
0.169187415808673
0.168374951322572
0.163577258686219
0.156276127429809
0.152984447654807
0.155630485013772
0.152674764673568
0.158144085574191
0.150924700379126
0.145180447405236
0.140380639459645
0.141012225403264
